robot_base_pose_p=[0.45, -0.75, 0.1204]
robot_base_pose_q=[0.9177546, 0.0, 0.0, 0.3971479]
robot_init_qpos=[0.2853, -1.6320, -1.7735, -3.15, -2.75, -0.050, 1.1204, 0.5051, 0.3802, 0.3802, 0.0452, 0.2138, 0.6271, 0.7516, 0.7517, 1.0015, 0.2797, 0.6249, 0.5000, 0.5000, 0.5001, 0.5000]
