robot_base_pose_p=[-0.14000001549720764, -2.450000047683716, 0.12047362327575684]
robot_base_pose_q=[0.7061672210693359, 0.0, -0.0, -0.7080450654029846]
robot_init_qpos=[-2.486633539199829, -2.2983970642089844, 2.3623218536376953, -1.6329697370529175, -1.5646913051605225, 2.20461106300354, 1.245300054550171, 1.0002000331878662, 0.7502000331878662, 1.0, 0.3752000331878662, 0.8349000215530396, 0.875, 1.125100016593933, 0.8751000165939331, 1.375, 0.25, 0.75, 0.5, 0.625, 1.25, 0.25]
hand_joint_qpos={'right_thumb_cmc_abd': 1.245300054550171, 'right_thumb_cmc_flex': 0.8349000215530396, 'right_thumb_mcp': 0.25, 'right_thumb_ip': 0.25, 'right_index_mcp_flex': 1.0002000331878662, 'right_index_pip': 0.875, 'right_index_dip': 0.75, 'right_middle_mcp_flex': 0.7502000331878662, 'right_middle_pip': 1.125100016593933, 'right_middle_dip': 0.5, 'right_ring_mcp_flex': 1.0, 'right_ring_pip': 0.8751000165939331, 'right_ring_dip': 0.625, 'right_pinky_mcp_flex': 0.3752000331878662, 'right_pinky_pip': 1.375, 'right_pinky_dip': 1.25}
tcp_pose=[-0.03810161352157593, -2.1853349208831787, 0.27812421321868896, -0.0022913364227861166, -0.00764769222587347, 0.9999668598175049, 0.0015978512819856405]
info={'elapsed_steps': 0, 'success': False, 'reconfigure': False}
