robot_base_pose_p=[-0.14000001549720764, -2.450000047683716, 0.12047362327575684]
robot_base_pose_q=[0.7061672210693359, 0.0, -0.0, -0.7080450654029846]
robot_init_qpos=[-2.4796736240386963, -2.2912468910217285, 2.359771966934204, -1.6333152055740356, -1.5705649852752686, 0.7892351150512695, 1.120300054550171, 0.5052000331878662, 0.3802000331878662, 0.38, 0.04520003318786621, 0.20990002155303955, 0.625, 0.7501000165939331, 0.7501000165939331, 1.0, 0.275, 0.625, 0.5, 0.5, 0.5, 0.5]
hand_joint_qpos={'right_thumb_cmc_abd': 1.120300054550171, 'right_thumb_cmc_flex': 0.20990002155303955, 'right_thumb_mcp': 0.275, 'right_thumb_ip': 0.5, 'right_index_mcp_flex': 0.5052000331878662, 'right_index_pip': 0.625, 'right_index_dip': 0.625, 'right_middle_mcp_flex': 0.3802000331878662, 'right_middle_pip': 0.7501000165939331, 'right_middle_dip': 0.5, 'right_ring_mcp_flex': 0.38, 'right_ring_pip': 0.7501000165939331, 'right_ring_dip': 0.5, 'right_pinky_mcp_flex': 0.04520003318786621, 'right_pinky_pip': 1.0, 'right_pinky_dip': 0.5}
tcp_pose=[-0.03825516626238823, -2.185502767562866, 0.2777397632598877, -0.0030146241188049316, -0.6584932804107666, 0.7525807023048401, -0.00010015629231929779]
info={'elapsed_steps': 0, 'success': False, 'reconfigure': False}
