robot_base_pose_p=[-0.14000001549720764, -2.450000047683716, 0.12047362327575684]
robot_base_pose_q=[0.7061672210693359, 0.0, -0.0, -0.7080450654029846]
robot_init_qpos=[-2.4263339042663574, -1.1085608005523682, 1.4299265146255493, -0.6574097871780396, -1.3829675912857056, 0.18142791092395782, 1.7452759742736816, 1.103040631278418e-05, 1.000440079224063e-05, 8.387401067011524e-06, 6.89399257680634e-06, 0.00025434582494199276, 1.2627153409994207e-05, 1.0071582437376492e-05, 7.455143531842623e-06, 3.830670266324887e-06, 0.00025852309772744775, 1.4329766599985305e-06, 1.0554273330853903e-06, 6.426599838960101e-07, 3.0619184965274826e-10, 1.8202814544565626e-07]
tcp_pose=[-0.03848034143447876, -2.096182346343994, 0.3108789622783661, -0.5184082984924316, -0.6770343780517578, 0.45125097036361694, 0.26315397024154663]
info={'elapsed_steps': 53, 'success': False, 'tcp_to_carrot_dist': 0.19166859984397888, 'carrot_to_plate_dist': 0.18493612110614777}
