center_xy=[0.07500000298023224, -1.100000023841858]
size_xy=[0.3300000727176666, 0.2500000298023224]
yaw_deg=45.0
z=0.14417724311351776
corners=[[0.04671571655990486, -1.3050610266322464, 0.14417724311351776], [0.28006100577062076, -1.0717157374215305, 0.14417724311351776], [0.10328428940055961, -0.8949390210514694, 0.14417724311351776], [-0.13006099981015626, -1.1282843102621853, 0.14417724311351776]]